                -67.5844430899
          0.000000158       0.000000028       0.000000028
          0.000000028       0.000000158       0.000000028
          0.000000028       0.000000028       0.000000158
           8
  1    14       0.000017375       0.000017375       0.000017374  Si
  1    14       0.000017375       0.000017375       0.000017377  Si
  1    14       0.000017375       0.000017376       0.000017376  Si
  1    14       0.000017375       0.000017375       0.000017374  Si
  1    14      -0.000025024      -0.000025024      -0.000025022  Si
  1    14      -0.000025025      -0.000025022      -0.000025024  Si
  1    14      -0.000025021      -0.000025024      -0.000025024  Si
  1    14      -0.000025021      -0.000025022      -0.000025022  Si
