   264
     1   -0.354771    0.614482    0.000000       0.002066
     2   -0.319294    0.553034    0.000000       0.002066
     3   -0.283817    0.491586    0.000000       0.002066
     4   -0.248340    0.430138    0.000000       0.002066
     5   -0.212863    0.368689    0.000000       0.002066
     6   -0.177386    0.307241    0.000000       0.002066
     7   -0.141909    0.245793    0.000000       0.002066
     8   -0.106431    0.184345    0.000000       0.002066
     9   -0.070954    0.122896    0.000000       0.002066
    10   -0.035477    0.061448    0.000000       0.002066
    11    0.000000    0.000000    0.000000       0.002066
    12    0.035477   -0.061448    0.000000       0.002066
    13    0.070954   -0.122896    0.000000       0.002066
    14    0.106431   -0.184345    0.000000       0.002066
    15    0.141909   -0.245793    0.000000       0.002066
    16    0.177386   -0.307241    0.000000       0.002066
    17    0.212863   -0.368689    0.000000       0.002066
    18    0.248340   -0.430138    0.000000       0.002066
    19    0.283817   -0.491586    0.000000       0.002066
    20    0.319294   -0.553034    0.000000       0.002066
    21    0.354771   -0.614482    0.000000       0.002066
    22    0.390249   -0.675930    0.000000       0.002066
    23   -0.319294    0.675930    0.000000       0.004132
    24   -0.283817    0.614482    0.000000       0.004132
    25   -0.248340    0.553034    0.000000       0.004132
    26   -0.212863    0.491586    0.000000       0.004132
    27   -0.177386    0.430138    0.000000       0.004132
    28   -0.141909    0.368689    0.000000       0.004132
    29   -0.106431    0.307241    0.000000       0.004132
    30   -0.070954    0.245793    0.000000       0.004132
    31   -0.035477    0.184345    0.000000       0.004132
    32    0.000000    0.122896    0.000000       0.004132
    33    0.035477    0.061448    0.000000       0.004132
    34    0.070954    0.000000    0.000000       0.004132
    35    0.106431   -0.061448    0.000000       0.004132
    36    0.141909   -0.122896    0.000000       0.004132
    37    0.177386   -0.184345    0.000000       0.004132
    38    0.212863   -0.245793    0.000000       0.004132
    39    0.248340   -0.307241    0.000000       0.004132
    40    0.283817   -0.368689    0.000000       0.004132
    41    0.319294   -0.430138    0.000000       0.004132
    42    0.354771   -0.491586    0.000000       0.004132
    43    0.390249   -0.553034    0.000000       0.004132
    44    0.425726   -0.614482    0.000000       0.004132
    45   -0.283817    0.737379    0.000000       0.004132
    46   -0.248340    0.675930    0.000000       0.004132
    47   -0.212863    0.614482    0.000000       0.004132
    48   -0.177386    0.553034    0.000000       0.004132
    49   -0.141909    0.491586    0.000000       0.004132
    50   -0.106431    0.430138    0.000000       0.004132
    51   -0.070954    0.368689    0.000000       0.004132
    52   -0.035477    0.307241    0.000000       0.004132
    53    0.000000    0.245793    0.000000       0.004132
    54    0.035477    0.184345    0.000000       0.004132
    55    0.070954    0.122896    0.000000       0.004132
    56    0.106431    0.061448    0.000000       0.004132
    57    0.141909    0.000000    0.000000       0.004132
    58    0.177386   -0.061448    0.000000       0.004132
    59    0.212863   -0.122896    0.000000       0.004132
    60    0.248340   -0.184345    0.000000       0.004132
    61    0.283817   -0.245793    0.000000       0.004132
    62    0.319294   -0.307241    0.000000       0.004132
    63    0.354771   -0.368689    0.000000       0.004132
    64    0.390249   -0.430138    0.000000       0.004132
    65    0.425726   -0.491586    0.000000       0.004132
    66    0.461203   -0.553034    0.000000       0.004132
    67   -0.248340    0.798827    0.000000       0.004132
    68   -0.212863    0.737379    0.000000       0.004132
    69   -0.177386    0.675930    0.000000       0.004132
    70   -0.141909    0.614482    0.000000       0.004132
    71   -0.106431    0.553034    0.000000       0.004132
    72   -0.070954    0.491586    0.000000       0.004132
    73   -0.035477    0.430138    0.000000       0.004132
    74    0.000000    0.368689    0.000000       0.004132
    75    0.035477    0.307241    0.000000       0.004132
    76    0.070954    0.245793    0.000000       0.004132
    77    0.106431    0.184345    0.000000       0.004132
    78    0.141909    0.122896    0.000000       0.004132
    79    0.177386    0.061448    0.000000       0.004132
    80    0.212863    0.000000    0.000000       0.004132
    81    0.248340   -0.061448    0.000000       0.004132
    82    0.283817   -0.122896    0.000000       0.004132
    83    0.319294   -0.184345    0.000000       0.004132
    84    0.354771   -0.245793    0.000000       0.004132
    85    0.390249   -0.307241    0.000000       0.004132
    86    0.425726   -0.368689    0.000000       0.004132
    87    0.461203   -0.430138    0.000000       0.004132
    88    0.496680   -0.491586    0.000000       0.004132
    89   -0.212863    0.860275    0.000000       0.004132
    90   -0.177386    0.798827    0.000000       0.004132
    91   -0.141909    0.737379    0.000000       0.004132
    92   -0.106431    0.675930    0.000000       0.004132
    93   -0.070954    0.614482    0.000000       0.004132
    94   -0.035477    0.553034    0.000000       0.004132
    95    0.000000    0.491586    0.000000       0.004132
    96    0.035477    0.430138    0.000000       0.004132
    97    0.070954    0.368689    0.000000       0.004132
    98    0.106431    0.307241    0.000000       0.004132
    99    0.141909    0.245793    0.000000       0.004132
   100    0.177386    0.184345    0.000000       0.004132
   101    0.212863    0.122896    0.000000       0.004132
   102    0.248340    0.061448    0.000000       0.004132
   103    0.283817    0.000000    0.000000       0.004132
   104    0.319294   -0.061448    0.000000       0.004132
   105    0.354771   -0.122896    0.000000       0.004132
   106    0.390249   -0.184345    0.000000       0.004132
   107    0.425726   -0.245793    0.000000       0.004132
   108    0.461203   -0.307241    0.000000       0.004132
   109    0.496680   -0.368689    0.000000       0.004132
   110    0.532157   -0.430138    0.000000       0.004132
   111   -0.177386    0.921723    0.000000       0.004132
   112   -0.141909    0.860275    0.000000       0.004132
   113   -0.106431    0.798827    0.000000       0.004132
   114   -0.070954    0.737379    0.000000       0.004132
   115   -0.035477    0.675930    0.000000       0.004132
   116    0.000000    0.614482    0.000000       0.004132
   117    0.035477    0.553034    0.000000       0.004132
   118    0.070954    0.491586    0.000000       0.004132
   119    0.106431    0.430138    0.000000       0.004132
   120    0.141909    0.368689    0.000000       0.004132
   121    0.177386    0.307241    0.000000       0.004132
   122    0.212863    0.245793    0.000000       0.004132
   123    0.248340    0.184345    0.000000       0.004132
   124    0.283817    0.122896    0.000000       0.004132
   125    0.319294    0.061448    0.000000       0.004132
   126    0.354771    0.000000    0.000000       0.004132
   127    0.390249   -0.061448    0.000000       0.004132
   128    0.425726   -0.122896    0.000000       0.004132
   129    0.461203   -0.184345    0.000000       0.004132
   130    0.496680   -0.245793    0.000000       0.004132
   131    0.532157   -0.307241    0.000000       0.004132
   132    0.567634   -0.368689    0.000000       0.004132
   133   -0.141909    0.983172    0.000000       0.004132
   134   -0.106431    0.921723    0.000000       0.004132
   135   -0.070954    0.860275    0.000000       0.004132
   136   -0.035477    0.798827    0.000000       0.004132
   137    0.000000    0.737379    0.000000       0.004132
   138    0.035477    0.675930    0.000000       0.004132
   139    0.070954    0.614482    0.000000       0.004132
   140    0.106431    0.553034    0.000000       0.004132
   141    0.141909    0.491586    0.000000       0.004132
   142    0.177386    0.430138    0.000000       0.004132
   143    0.212863    0.368689    0.000000       0.004132
   144    0.248340    0.307241    0.000000       0.004132
   145    0.283817    0.245793    0.000000       0.004132
   146    0.319294    0.184345    0.000000       0.004132
   147    0.354771    0.122896    0.000000       0.004132
   148    0.390249    0.061448    0.000000       0.004132
   149    0.425726    0.000000    0.000000       0.004132
   150    0.461203   -0.061448    0.000000       0.004132
   151    0.496680   -0.122896    0.000000       0.004132
   152    0.532157   -0.184345    0.000000       0.004132
   153    0.567634   -0.245793    0.000000       0.004132
   154    0.603112   -0.307241    0.000000       0.004132
   155   -0.106431    1.044620    0.000000       0.004132
   156   -0.070954    0.983172    0.000000       0.004132
   157   -0.035477    0.921723    0.000000       0.004132
   158    0.000000    0.860275    0.000000       0.004132
   159    0.035477    0.798827    0.000000       0.004132
   160    0.070954    0.737379    0.000000       0.004132
   161    0.106431    0.675930    0.000000       0.004132
   162    0.141909    0.614482    0.000000       0.004132
   163    0.177386    0.553034    0.000000       0.004132
   164    0.212863    0.491586    0.000000       0.004132
   165    0.248340    0.430138    0.000000       0.004132
   166    0.283817    0.368689    0.000000       0.004132
   167    0.319294    0.307241    0.000000       0.004132
   168    0.354771    0.245793    0.000000       0.004132
   169    0.390249    0.184345    0.000000       0.004132
   170    0.425726    0.122896    0.000000       0.004132
   171    0.461203    0.061448    0.000000       0.004132
   172    0.496680    0.000000    0.000000       0.004132
   173    0.532157   -0.061448    0.000000       0.004132
   174    0.567634   -0.122896    0.000000       0.004132
   175    0.603112   -0.184345    0.000000       0.004132
   176    0.638589   -0.245793    0.000000       0.004132
   177   -0.070954    1.106068    0.000000       0.004132
   178   -0.035477    1.044620    0.000000       0.004132
   179    0.000000    0.983172    0.000000       0.004132
   180    0.035477    0.921723    0.000000       0.004132
   181    0.070954    0.860275    0.000000       0.004132
   182    0.106431    0.798827    0.000000       0.004132
   183    0.141909    0.737379    0.000000       0.004132
   184    0.177386    0.675930    0.000000       0.004132
   185    0.212863    0.614482    0.000000       0.004132
   186    0.248340    0.553034    0.000000       0.004132
   187    0.283817    0.491586    0.000000       0.004132
   188    0.319294    0.430138    0.000000       0.004132
   189    0.354771    0.368689    0.000000       0.004132
   190    0.390249    0.307241    0.000000       0.004132
   191    0.425726    0.245793    0.000000       0.004132
   192    0.461203    0.184345    0.000000       0.004132
   193    0.496680    0.122896    0.000000       0.004132
   194    0.532157    0.061448    0.000000       0.004132
   195    0.567634    0.000000    0.000000       0.004132
   196    0.603112   -0.061448    0.000000       0.004132
   197    0.638589   -0.122896    0.000000       0.004132
   198    0.674066   -0.184345    0.000000       0.004132
   199   -0.035477    1.167516    0.000000       0.004132
   200    0.000000    1.106068    0.000000       0.004132
   201    0.035477    1.044620    0.000000       0.004132
   202    0.070954    0.983172    0.000000       0.004132
   203    0.106431    0.921723    0.000000       0.004132
   204    0.141909    0.860275    0.000000       0.004132
   205    0.177386    0.798827    0.000000       0.004132
   206    0.212863    0.737379    0.000000       0.004132
   207    0.248340    0.675930    0.000000       0.004132
   208    0.283817    0.614482    0.000000       0.004132
   209    0.319294    0.553034    0.000000       0.004132
   210    0.354771    0.491586    0.000000       0.004132
   211    0.390249    0.430138    0.000000       0.004132
   212    0.425726    0.368689    0.000000       0.004132
   213    0.461203    0.307241    0.000000       0.004132
   214    0.496680    0.245793    0.000000       0.004132
   215    0.532157    0.184345    0.000000       0.004132
   216    0.567634    0.122896    0.000000       0.004132
   217    0.603112    0.061448    0.000000       0.004132
   218    0.638589    0.000000    0.000000       0.004132
   219    0.674066   -0.061448    0.000000       0.004132
   220    0.709543   -0.122896    0.000000       0.004132
   221    0.000000    1.228965    0.000000       0.004132
   222    0.035477    1.167516    0.000000       0.004132
   223    0.070954    1.106068    0.000000       0.004132
   224    0.106431    1.044620    0.000000       0.004132
   225    0.141909    0.983172    0.000000       0.004132
   226    0.177386    0.921723    0.000000       0.004132
   227    0.212863    0.860275    0.000000       0.004132
   228    0.248340    0.798827    0.000000       0.004132
   229    0.283817    0.737379    0.000000       0.004132
   230    0.319294    0.675930    0.000000       0.004132
   231    0.354771    0.614482    0.000000       0.004132
   232    0.390249    0.553034    0.000000       0.004132
   233    0.425726    0.491586    0.000000       0.004132
   234    0.461203    0.430138    0.000000       0.004132
   235    0.496680    0.368689    0.000000       0.004132
   236    0.532157    0.307241    0.000000       0.004132
   237    0.567634    0.245793    0.000000       0.004132
   238    0.603112    0.184345    0.000000       0.004132
   239    0.638589    0.122896    0.000000       0.004132
   240    0.674066    0.061448    0.000000       0.004132
   241    0.709543    0.000000    0.000000       0.004132
   242    0.745020   -0.061448    0.000000       0.004132
   243    0.035477    1.290413    0.000000       0.002066
   244    0.070954    1.228965    0.000000       0.002066
   245    0.106431    1.167516    0.000000       0.002066
   246    0.141909    1.106068    0.000000       0.002066
   247    0.177386    1.044620    0.000000       0.002066
   248    0.212863    0.983172    0.000000       0.002066
   249    0.248340    0.921723    0.000000       0.002066
   250    0.283817    0.860275    0.000000       0.002066
   251    0.319294    0.798827    0.000000       0.002066
   252    0.354771    0.737379    0.000000       0.002066
   253    0.390249    0.675930    0.000000       0.002066
   254    0.425726    0.614482    0.000000       0.002066
   255    0.461203    0.553034    0.000000       0.002066
   256    0.496680    0.491586    0.000000       0.002066
   257    0.532157    0.430138    0.000000       0.002066
   258    0.567634    0.368689    0.000000       0.002066
   259    0.603112    0.307241    0.000000       0.002066
   260    0.638589    0.245793    0.000000       0.002066
   261    0.674066    0.184345    0.000000       0.002066
   262    0.709543    0.122896    0.000000       0.002066
   263    0.745020    0.061448    0.000000       0.002066
   264    0.780497    0.000000    0.000000       0.002066
